# ProBuilder 4.2.3
# https://unity3d.com/unity/features/worldbuilding/probuilder
# 4/16/2021 3:00:10 PM

mtllib ./bigboxcluster.mtl
o bigboxcluster

g box (1)
v 0.1220856 -4.071227 0.1673737
v 0.7049005 -4.071227 2.080572
v 0.1220856 -2.071227 0.1673737
v 0.7049005 -2.071227 2.080572
v -1.208298 -4.071227 2.663387
v -1.208298 -2.071227 2.663387
v -1.791113 -4.071227 0.7501886
v -1.791113 -2.071227 0.7501886

vt 0 0
vt -2 0
vt 0 2
vt -2 2
vt 2 0
vt 2 2
vt 0 -2
vt 2 -2
vt -2 -2

vn 0.9565991 0 -0.2914075
vn 0.2914075 0 0.9565991
vn -0.9565991 0 0.2914075
vn -0.2914075 0 -0.9565991
vn 0 1 0
vn 0 -1 0

usemtl Box
f 3/3/1 4/4/1 2/2/1 1/1/1
f 4/3/2 6/4/2 5/2/2 2/1/2
f 6/6/3 8/3/3 7/1/3 5/5/3
f 8/6/4 3/3/4 1/1/4 7/5/4
f 8/7/5 6/8/5 4/5/5 3/1/5
f 1/1/6 2/2/6 5/9/6 7/7/6

g box
v 2.079694 -5.971228 2.270139
v 2.662508 -5.971228 4.183337
v 2.079694 -3.971228 2.270139
v 2.662508 -3.971228 4.183337
v 0.7493104 -5.971228 4.766152
v 0.7493104 -3.971228 4.766152
v 0.1664954 -5.971228 2.852954
v 0.1664954 -3.971228 2.852954

vt 0 0
vt -2 0
vt 0 2
vt -2 2
vt 2 0
vt 2 2
vt 0 -2
vt 2 -2
vt -2 -2

vn 0.9565991 0 -0.2914075
vn 0.2914075 0 0.9565991
vn -0.9565991 0 0.2914075
vn -0.2914075 0 -0.9565991
vn 0 1 0
vn 0 -1 0

usemtl Box
f 11/12/7 12/13/7 10/11/7 9/10/7
f 12/12/8 14/13/8 13/11/8 10/10/8
f 14/15/9 16/12/9 15/10/9 13/14/9
f 16/15/10 11/12/10 9/10/10 15/14/10
f 16/16/11 14/17/11 12/14/11 11/10/11
f 9/10/12 10/11/12 13/18/12 15/16/12

g box 2
v 4.17579 -5.971228 1.223913
v 4.758605 -5.971228 3.137111
v 4.17579 -3.971228 1.223913
v 4.758605 -3.971228 3.137111
v 2.845407 -5.971228 3.719926
v 2.845407 -3.971228 3.719926
v 2.262592 -5.971228 1.806728
v 2.262592 -3.971228 1.806728

vt 0 0
vt -2 0
vt 0 2
vt -2 2
vt 2 0
vt 2 2
vt 0 -2
vt 2 -2
vt -2 -2

vn 0.9565991 0 -0.2914075
vn 0.2914075 0 0.9565991
vn -0.9565991 0 0.2914075
vn -0.2914075 0 -0.9565991
vn 0 1 0
vn 0 -1 0

usemtl Box
f 19/21/13 20/22/13 18/20/13 17/19/13
f 20/21/14 22/22/14 21/20/14 18/19/14
f 22/24/15 24/21/15 23/19/15 21/23/15
f 24/24/16 19/21/16 17/19/16 23/23/16
f 24/25/17 22/26/17 20/23/17 19/19/17
f 17/19/18 18/20/18 21/27/18 23/25/18

g box 3
v 1.85982 -5.971228 -0.3390293
v 2.442635 -5.971228 1.574169
v 1.85982 -3.971228 -0.3390293
v 2.442635 -3.971228 1.574169
v 0.5294367 -5.971228 2.156984
v 0.5294367 -3.971228 2.156984
v -0.05337822 -5.971228 0.2437856
v -0.05337822 -3.971228 0.2437856

vt 0 0
vt -2 0
vt 0 2
vt -2 2
vt 2 0
vt 2 2
vt 0 -2
vt 2 -2
vt -2 -2

vn 0.9565991 0 -0.2914075
vn 0.2914075 0 0.9565991
vn -0.9565991 0 0.2914075
vn -0.2914075 0 -0.9565991
vn 0 1 0
vn 0 -1 0

usemtl Box
f 27/30/19 28/31/19 26/29/19 25/28/19
f 28/30/20 30/31/20 29/29/20 26/28/20
f 30/33/21 32/30/21 31/28/21 29/32/21
f 32/33/22 27/30/22 25/28/22 31/32/22
f 32/34/23 30/35/23 28/32/23 27/28/23
f 25/28/24 26/29/24 29/36/24 31/34/24

g box 4
v 2.804311 -3.953681 0.8054087
v 3.387126 -3.953681 2.718607
v 2.804311 -1.953681 0.8054087
v 3.387126 -1.953681 2.718607
v 1.473928 -3.953681 3.301422
v 1.473928 -1.953681 3.301422
v 0.8911129 -3.953681 1.388224
v 0.8911129 -1.953681 1.388224

vt 0 0
vt -2 0
vt 0 2
vt -2 2
vt 2 0
vt 2 2
vt 0 -2
vt 2 -2
vt -2 -2

vn 0.9565991 0 -0.2914075
vn 0.2914075 0 0.9565991
vn -0.9565991 0 0.2914075
vn -0.2914075 0 -0.9565991
vn 0 1 0
vn 0 -1 0

usemtl Box
f 35/39/25 36/40/25 34/38/25 33/37/25
f 36/39/26 38/40/26 37/38/26 34/37/26
f 38/42/27 40/39/27 39/37/27 37/41/27
f 40/42/28 35/39/28 33/37/28 39/41/28
f 40/43/29 38/44/29 36/41/29 35/37/29
f 33/37/30 34/38/30 37/45/30 39/43/30

g box
v -0.9203064 -5.971228 -1.729861
v -0.3374915 -5.971228 0.1833372
v -0.9203064 -3.971228 -1.729861
v -0.3374915 -3.971228 0.1833372
v -2.25069 -5.971228 0.7661521
v -2.25069 -3.971228 0.7661521
v -2.833505 -5.971228 -1.147046
v -2.833505 -3.971228 -1.147046

vt 0 0
vt -2 0
vt 0 2
vt -2 2
vt 2 0
vt 2 2
vt 0 -2
vt 2 -2
vt -2 -2

vn 0.9565991 0 -0.2914075
vn 0.2914075 0 0.9565991
vn -0.9565991 0 0.2914075
vn -0.2914075 0 -0.9565991
vn 0 1 0
vn 0 -1 0

usemtl Box
f 43/48/31 44/49/31 42/47/31 41/46/31
f 44/48/32 46/49/32 45/47/32 42/46/32
f 46/51/33 48/48/33 47/46/33 45/50/33
f 48/51/34 43/48/34 41/46/34 47/50/34
f 48/52/35 46/53/35 44/50/35 43/46/35
f 41/46/36 42/47/36 45/54/36 47/52/36

g box 2
v 1.17579 -5.971228 -2.776087
v 1.758605 -5.971228 -0.8628887
v 1.17579 -3.971228 -2.776087
v 1.758605 -3.971228 -0.8628887
v -0.1545933 -5.971228 -0.2800738
v -0.1545933 -3.971228 -0.2800738
v -0.7374083 -5.971228 -2.193272
v -0.7374083 -3.971228 -2.193272

vt 0 0
vt -2 0
vt 0 2
vt -2 2
vt 2 0
vt 2 2
vt 0 -2
vt 2 -2
vt -2 -2

vn 0.9565991 0 -0.2914075
vn 0.2914075 0 0.9565991
vn -0.9565991 0 0.2914075
vn -0.2914075 0 -0.9565991
vn 0 1 0
vn 0 -1 0

usemtl Box
f 51/57/37 52/58/37 50/56/37 49/55/37
f 52/57/38 54/58/38 53/56/38 50/55/38
f 54/60/39 56/57/39 55/55/39 53/59/39
f 56/60/40 51/57/40 49/55/40 55/59/40
f 56/61/41 54/62/41 52/59/41 51/55/41
f 49/55/42 50/56/42 53/63/42 55/61/42

g box 3
v -1.14018 -5.971228 -4.339029
v -0.5573652 -5.971228 -2.425831
v -1.14018 -3.971228 -4.339029
v -0.5573652 -3.971228 -2.425831
v -2.470563 -5.971228 -1.843016
v -2.470563 -3.971228 -1.843016
v -3.053378 -5.971228 -3.756214
v -3.053378 -3.971228 -3.756214

vt 0 0
vt -2 0
vt 0 2
vt -2 2
vt 2 0
vt 2 2
vt 0 -2
vt 2 -2
vt -2 -2

vn 0.9565991 0 -0.2914075
vn 0.2914075 0 0.9565991
vn -0.9565991 0 0.2914075
vn -0.2914075 0 -0.9565991
vn 0 1 0
vn 0 -1 0

usemtl Box
f 59/66/43 60/67/43 58/65/43 57/64/43
f 60/66/44 62/67/44 61/65/44 58/64/44
f 62/69/45 64/66/45 63/64/45 61/68/45
f 64/69/46 59/66/46 57/64/46 63/68/46
f 64/70/47 62/71/47 60/68/47 59/64/47
f 57/64/48 58/65/48 61/72/48 63/70/48

g box 4
v -0.195689 -3.953681 -3.194591
v 0.387126 -3.953681 -1.281393
v -0.195689 -1.953681 -3.194591
v 0.387126 -1.953681 -1.281393
v -1.526072 -3.953681 -0.6985782
v -1.526072 -1.953681 -0.6985782
v -2.108887 -3.953681 -2.611776
v -2.108887 -1.953681 -2.611776

vt 0 0
vt -2 0
vt 0 2
vt -2 2
vt 2 0
vt 2 2
vt 0 -2
vt 2 -2
vt -2 -2

vn 0.9565991 0 -0.2914075
vn 0.2914075 0 0.9565991
vn -0.9565991 0 0.2914075
vn -0.2914075 0 -0.9565991
vn 0 1 0
vn 0 -1 0

usemtl Box
f 67/75/49 68/76/49 66/74/49 65/73/49
f 68/75/50 70/76/50 69/74/50 66/73/50
f 70/78/51 72/75/51 71/73/51 69/77/51
f 72/78/52 67/75/52 65/73/52 71/77/52
f 72/79/53 70/80/53 68/77/53 67/73/53
f 65/73/54 66/74/54 69/81/54 71/79/54

g box
v -0.3486717 -2.008773 1.317238
v -0.1679328 -2.008773 3.309055
v -0.3486717 -0.008773327 1.317238
v -0.1679328 -0.008773327 3.309055
v -2.15975 -2.008773 3.489794
v -2.15975 -0.008773327 3.489794
v -2.340489 -2.008773 1.497977
v -2.340489 -0.008773327 1.497977

vt 0 0
vt -2 0
vt 0 2
vt -2 2
vt 2 0
vt 2 2
vt 0 -2
vt 2 -2
vt -2 -2

vn 0.9959084 0 -0.09036946
vn 0.09036946 0 0.9959084
vn -0.9959084 0 0.09036946
vn -0.09036946 0 -0.9959084
vn 0 1 0
vn 0 -1 0

usemtl Box
f 75/84/55 76/85/55 74/83/55 73/82/55
f 76/84/56 78/85/56 77/83/56 74/82/56
f 78/87/57 80/84/57 79/82/57 77/86/57
f 80/87/58 75/84/58 73/82/58 79/86/58
f 80/88/59 78/89/59 76/86/59 75/82/59
f 73/82/60 74/83/60 77/90/60 79/88/60

g box 2
v 2.038196 -2.008773 0.2652905
v 2.218935 -2.008773 2.257107
v 2.038196 -0.008773327 0.2652905
v 2.218935 -0.008773327 2.257107
v 0.2271179 -2.008773 2.437846
v 0.2271179 -0.008773327 2.437846
v 0.04637897 -2.008773 0.4460294
v 0.04637897 -0.008773327 0.4460294

vt 0 0
vt -2 0
vt 0 2
vt -2 2
vt 2 0
vt 2 2
vt 0 -2
vt 2 -2
vt -2 -2

vn 0.9959084 0 -0.09036946
vn 0.09036946 0 0.9959084
vn -0.9959084 0 0.09036946
vn -0.09036946 0 -0.9959084
vn 0 1 0
vn 0 -1 0

usemtl Box
f 83/93/61 84/94/61 82/92/61 81/91/61
f 84/93/62 86/94/62 85/92/62 82/91/62
f 86/96/63 88/93/63 87/91/63 85/95/63
f 88/96/64 83/93/64 81/91/64 87/95/64
f 88/97/65 86/98/65 84/95/65 83/91/65
f 81/91/66 82/92/66 85/99/66 87/97/66

g box 3
v 0.0184496 -2.008773 -1.387003
v 0.1991885 -2.008773 0.6048135
v 0.0184496 -0.008773327 -1.387003
v 0.1991885 -0.008773327 0.6048135
v -1.792628 -2.008773 0.7855524
v -1.792628 -0.008773327 0.7855524
v -1.973367 -2.008773 -1.206264
v -1.973367 -0.008773327 -1.206264

vt 0 0
vt -2 0
vt 0 2
vt -2 2
vt 2 0
vt 2 2
vt 0 -2
vt 2 -2
vt -2 -2

vn 0.9959084 0 -0.09036946
vn 0.09036946 0 0.9959084
vn -0.9959084 0 0.09036946
vn -0.09036946 0 -0.9959084
vn 0 1 0
vn 0 -1 0

usemtl Box
f 91/102/67 92/103/67 90/101/67 89/100/67
f 92/102/68 94/103/68 93/101/68 90/100/68
f 94/105/69 96/102/69 95/100/69 93/104/69
f 96/105/70 91/102/70 89/100/70 95/104/70
f 96/106/71 94/107/71 92/104/71 91/100/71
f 89/100/72 90/101/72 93/108/72 95/106/72

g box 4
v 0.7807695 0.00877285 -0.4238968
v 0.9615084 0.00877285 1.56792
v 0.7807695 2.008773 -0.4238968
v 0.9615084 2.008773 1.56792
v -1.030308 0.00877285 1.748659
v -1.030308 2.008773 1.748659
v -1.211047 0.00877285 -0.2431579
v -1.211047 2.008773 -0.2431579

vt 0 0
vt -2 0
vt 0 2
vt -2 2
vt 2 0
vt 2 2
vt 0 -2
vt 2 -2
vt -2 -2

vn 0.9959084 0 -0.09036946
vn 0.09036946 0 0.9959084
vn -0.9959084 0 0.09036946
vn -0.09036946 0 -0.9959084
vn 0 1 0
vn 0 -1 0

usemtl Box
f 99/111/73 100/112/73 98/110/73 97/109/73
f 100/111/74 102/112/74 101/110/74 98/109/74
f 102/114/75 104/111/75 103/109/75 101/113/75
f 104/114/76 99/111/76 97/109/76 103/113/76
f 104/115/77 102/116/77 100/113/77 99/109/77
f 97/109/78 98/110/78 101/117/78 103/115/78

